193
192
191
189
180
179
178
177
175
174
173
172
171
197
194
170
169
168
167
162
161
160
159
202
158
157
156
153
152
145
144
139
137
126
125
123
122
121
119
117
116
113
111
110
109
108
107
105
104
103
102
100
99
96
92
89
87
85
83
82
81
80
79
78
77
75
74
73
72
71
70
68
66
64
62
61
60
59
58
53
51
50
49
46
42
39
35
32
30
29
26
22
456
454
453
452
451
450
449
447
444
443
440
439
438
437
433
428
427
407
403
401
399
398
385
384
383
382
381
380
376
372
370
369
368
366
365
364
355
354
353
347
345
344
341
340
339
338
337
336
335
334
333
331
330
325
323
322
321
319
316
315
314
310
307
304
291
288
287
285
276
274
273
272
271
262
251
246
245
244
243
236
234
233
232
231
230
229
228
227
226
225
222
221
219
218
216
213
210
207
205
204
626
624
622
616
614
613
612
611
607
605
604
603
602
601
599
597
596
595
594
590
589
587
581
580
576
575
574
573
572
570
567
566
564
562
560
559
557
556
555
554
553
548
547
546
544
543
542
541
539
535
534
532
530
529
526
525
524
523
522
520
519
517
514
511
510
508
506
503
502
501
500
499
497
496
495
493
492
491
490
489
486
484
483
481
480
478
476
475
474
473
472
471
469
466
463
462
460
459
458
457
826
825
824
823
822
821
820
819
818
817
815
814
812
811
808
807
806
805
804
803
802
801
797
795
793
789
788
787
786
785
784
781
780
776
775
773
772
771
770
768
767
765
764
763
762
758
757
756
755
745
739
737
736
718
716
703
702
701
700
699
697
695
694
692
691
689
687
685
684
681
680
672
668
667
666
665
664
663
662
661
659
654
653
651
650
649
648
646
645
644
643
639
638
637
636
635
632
629
628
627
974
973
972
970
969
967
966
965
964
963
960
958
957
956
955
954
953
951
1114
1235
1356
1473
1604
1716
1830
1944
2062
2178
2295
2415
2532
2647
2763
2871
2984
3113
3225
3332
3442
3565
3677
3792
3911
4026
4138
4248
4353
4463
4571
4681
5400
5505
5618
5730
5837
5954
6064
395
828
827
983
981
950
949
945
944
943
942
941
940
939
938
937
935
934
933
932
931
930
929
928
927
926
925
924
919
917
912
910
909
908
906
905
904
903
902
901
900
899
898
897
895
892
890
888
886
885
884
882
881
879
874
873
872
870
868
866
865
863
861
860
858
857
856
855
854
853
852
851
849
845
844
843
841
840
839
838
837
834
833
831
830
1115
1111
1109
1108
1107
1104
1103
1102
1100
1099
1098
1097
1095
1094
1093
1092
1091
1090
1089
1088
1087
1086
1085
1084
1083
1080
1079
1078
1077
1076
1075
1073
1071
1069
1068
1066
1065
1064
1063
1061
1060
1059
1057
1056
1055
1054
1053
1052
1051
1050
1049
1048
1045
1044
1043
1042
1041
1039
1038
1037
1035
1034
1033
1030
1029
1028
1027
1026
1024
1023
1022
1021
1020
1019
1018
1017
1016
1015
1012
1011
1010
1009
1007
1005
1004
1003
1002
1001
1000
999
998
997
992
991
990
989
988
987
984
1236
1234
1233
1230
1228
1226
1225
1222
1221
1220
1219
1218
1217
1216
1215
1214
1213
1211
1210
1208
1207
1206
1205
1204
1203
1202
1201
1200
1199
1198
1197
1196
1195
1194
1193
1192
1191
1190
1188
1187
1186
1185
1184
1183
1181
1180
1179
1177
1176
1175
1174
1171
1170
1169
1168
1165
1164
1163
1161
1160
1159
1158
1157
1156
1155
1154
1153
1152
1151
1149
1148
1147
1146
1145
1144
1143
1142
1141
1140
1123
1121
1120
1119
1118
1117
1116
1124
1250
1248
1247
1242
1241
1240
1238
1237
1139
1138
1137
1136
1132
1131
1130
1129
1128
1127
1126
1125
1366
1365
1364
1363
1362
1361
1360
1358
1357
1355
1354
1353
1352
1351
1350
1349
1348
1347
1346
1345
1344
1342
1341
1340
1338
1337
1335
1334
1333
1332
1331
1330
1329
1328
1327
1325
1324
1323
1322
1321
1319
1316
1315
1314
1313
1312
1311
1310
1309
1308
1307
1306
1304
1302
1301
1300
1299
1298
1297
1296
1295
1294
1293
1292
1291
1290
1289
1288
1287
1286
1285
1284
1283
1282
1281
1280
1279
1278
1277
1276
1274
1273
1272
1271
1270
1268
1266
1265
1264
1262
1261
1260
1251
1367
1259
1258
1257
1256
1255
1254
1487
1486
1485
1484
1480
1479
1477
1476
1475
1474
1472
1471
1470
1469
1468
1467
1466
1465
1464
1463
1462
1461
1460
1459
1457
1456
1455
1454
1453
1452
1451
1450
1449
1448
1447
1446
1444
1442
1439
1438
1437
1435
1433
1432
1429
1428
1427
1426
1425
1424
1423
1422
1420
1419
1417
1416
1415
1414
1413
1412
1411
1410
1409
1408
1407
1406
1405
1404
1403
1402
1401
1400
1399
1398
1397
1396
1393
1392
1391
1390
1389
1388
1387
1386
1385
1384
1383
1382
1379
1377
1376
1375
1374
1373
1372
1371
1370
1369
1368
1617
1616
1615
1613
1612
1611
1610
1608
1607
1606
1603
1601
1599
1598
1597
1596
1595
1594
1593
1592
1591
1590
1589
1588
1587
1586
1585
1584
1583
1582
1581
1580
1579
1578
1577
1576
1575
1574
1573
1571
1570
1569
1564
1563
1561
1559
1558
1557
1556
1555
1554
1553
1552
1551
1550
1545
1540
1538
1537
1535
1534
1533
1532
1531
1530
1529
1528
1527
1526
1525
1524
1523
1521
1520
1519
1518
1517
1516
1515
1514
1513
1512
1511
1510
1509
1508
1507
1506
1505
1504
1503
1499
1496
1494
1493
1492
1491
1490
1488
1726
1725
1724
1723
1722
1721
1720
1719
1718
1717
1715
1714
1713
1712
1711
1710
1709
1708
1707
1706
1705
1704
1702
1701
1700
1699
1698
1697
1696
1693
1692
1691
1690
1689
1688
1687
1686
1685
1684
1683
1682
1681
1680
1679
1678
1677
1676
1675
1673
1672
1671
1670
1668
1667
1666
1665
1664
1663
1662
1661
1660
1657
1656
1654
1653
1652
1651
1650
1649
1648
1647
1646
1644
1643
1642
1641
1640
1639
1638
1637
1636
1635
1634
1633
1632
1631
1630
1629
1628
1627
1626
1625
1624
1623
1622
1621
1620
1619
1618
1840
1839
1838
1837
1836
1835
1834
1833
1832
1831
1829
1828
1826
1825
1824
1822
1821
1820
1817
1816
1815
1813
1812
1811
1810
1809
1808
1807
1806
1805
1804
1803
1800
1799
1797
1796
1795
1794
1793
1792
1791
1790
1789
1788
1787
1786
1785
1784
1783
1782
1781
1779
1778
1777
1776
1775
1773
1771
1770
1769
1768
1767
1766
1765
1764
1763
1762
1761
1760
1759
1758
1757
1756
1755
1754
1753
1752
1751
1750
1749
1748
1747
1746
1745
1744
1742
1740
1739
1738
1737
1735
1734
1733
1732
1731
1730
1729
1728
1727
1955
1954
1952
1951
1950
1949
1948
1947
1946
1945
1943
1942
1941
1939
1937
1936
1935
1934
1933
1932
1931
1930
1929
1928
1927
1926
1925
1924
1923
1922
1921
1920
1919
1918
1917
1916
1915
1914
1913
1912
1911
1910
1904
1903
1902
1900
1899
1898
1897
1896
1895
1894
1893
1892
1891
1890
1888
1887
1886
1885
1883
1882
1881
1880
1879
1877
1876
1875
1874
1872
1871
1870
1869
1868
1867
1866
1865
1864
1862
1861
1860
1859
1858
1857
1856
1855
1854
1853
1851
1850
1849
1848
1847
1846
1845
1844
1843
1842
1841
2073
2071
2070
2069
2068
2067
2066
2065
2064
2063
2061
2060
2059
2058
2057
2056
2055
2054
2053
2052
2051
2050
2049
2046
2043
2042
2041
2040
2039
2037
2036
2035
2034
2033
2032
2031
2030
2029
2028
2026
2025
2022
2021
2020
2018
2017
2016
2015
2014
2013
2012
2011
2010
2009
2008
2007
2006
2005
2004
2003
2002
2000
1997
1996
1995
1994
1993
1992
1990
1989
1988
1987
1986
1985
1984
1983
1982
1981
1980
1978
1977
1976
1975
1973
1972
1971
1970
1969
1968
1967
1966
1965
1964
1963
1962
1961
1960
1958
1957
2188
2187
2186
2185
2184
2183
2182
2181
2180
2179
2177
2176
2175
2174
2173
2172
2171
2170
2167
2165
2164
2163
2161
2159
2158
2157
2156
2155
2154
2153
2152
2151
2150
2149
2148
2145
2144
2143
2142
2141
2140
2139
2138
2137
2136
2135
2134
2133
2132
2131
2130
2129
2128
2127
2126
2124
2123
2121
2118
2117
2115
2114
2113
2112
2111
2110
2109
2108
2107
2106
2104
2103
2101
2100
2099
2098
2097
2096
2095
2094
2093
2092
2090
2089
2088
2087
2086
2085
2084
2083
2082
2081
2080
2079
2078
2077
2076
2075
2074
2310
2309
2308
2307
2306
2304
2303
2302
2301
2296
2294
2293
2292
2291
2290
2289
2288
2287
2286
2285
2283
2282
2281
2280
2279
2278
2277
2276
2275
2274
2273
2272
2270
2269
2268
2267
2265
2264
2263
2262
2261
2260
2259
2258
2257
2256
2255
2254
2253
2250
2249
2248
2247
2246
2245
2244
2242
2240
2239
2238
2237
2236
2235
2234
2233
2232
2229
2226
2225
2224
2223
2222
2221
2220
2219
2216
2215
2214
2213
2212
2211
2210
2209
2208
2207
2206
2205
2204
2203
2202
2200
2199
2198
2197
2196
2195
2194
2191
2189
2425
2424
2423
2422
2421
2420
2419
2418
2417
2416
2414
2413
2411
2410
2409
2408
2407
2406
2405
2404
2403
2402
2400
2399
2398
2397
2394
2393
2392
2391
2388
2387
2386
2385
2384
2383
2382
2381
2380
2379
2378
2377
2376
2375
2374
2373
2372
2371
2369
2367
2366
2365
2364
2363
2362
2361
2360
2359
2358
2357
2356
2355
2354
2353
2351
2350
2349
2348
2347
2346
2345
2344
2341
2340
2339
2338
2337
2336
2335
2334
2332
2331
2330
2329
2328
2327
2326
2325
2324
2323
2322
2321
2320
2319
2318
2316
2314
2312
2311
2543
2542
2541
2540
2539
2538
2537
2536
2534
2533
2531
2530
2529
2528
2527
2526
2525
2522
2521
2520
2519
2518
2517
2515
2514
2513
2512
2511
2510
2509
2508
2507
2506
2505
2504
2503
2502
2501
2500
2499
2498
2497
2496
2495
2494
2493
2492
2491
2490
2489
2486
2485
2483
2482
2481
2480
2479
2478
2477
2476
2475
2474
2473
2472
2471
2470
2467
2464
2463
2462
2461
2460
2459
2458
2457
2456
2455
2454
2453
2451
2449
2448
2447
2446
2445
2443
2442
2441
2440
2439
2436
2434
2433
2432
2431
2430
2429
2427
2426
2657
2656
2655
2654
2653
2652
2651
2650
2649
2648
2646
2645
2644
2643
2642
2641
2640
2639
2638
2637
2636
2635
2634
2633
2632
2631
2630
2626
2625
2623
2621
2620
2619
2618
2617
2616
2615
2614
2613
2612
2611
2609
2607
2606
2605
2604
2603
2602
2601
2600
2599
2598
2597
2596
2595
2594
2593
2592
2591
2590
2589
2588
2587
2585
2584
2583
2582
2581
2580
2579
2578
2577
2575
2574
2573
2572
2570
2569
2567
2566
2565
2564
2562
2561
2560
2559
2558
2556
2555
2554
2553
2552
2550
2549
2548
2547
2546
2545
2544
2773
2772
2771
2770
2769
2768
2767
2766
2765
2764
2762
2761
2759
2758
2757
2756
2754
2753
2752
2751
2750
2749
2748
2747
2746
2745
2744
2741
2740
2739
2738
2737
2736
2735
2734
2733
2731
2730
2729
2728
2727
2726
2725
2724
2722
2721
2720
2719
2718
2717
2716
2715
2714
2713
2712
2711
2710
2709
2708
2707
2706
2705
2704
2703
2701
2700
2699
2698
2693
2691
2688
2687
2686
2685
2684
2683
2682
2680
2679
2678
2677
2676
2674
2673
2672
2671
2670
2669
2668
2667
2666
2665
2664
2663
2662
2661
2660
2659
2658
2882
2881
2880
2879
2878
2877
2876
2875
2874
2774
2873
2872
2870
2869
2868
2867
2866
2865
2864
2863
2862
2861
2860
2859
2858
2857
2856
2855
2854
2853
2852
2851
2850
2849
2848
2847
2846
2844
2843
2842
2841
2840
2839
2838
2837
2836
2835
2834
2833
2832
2831
2830
2829
2828
2827
2826
2825
2824
2823
2822
2821
2820
2819
2818
2817
2816
2815
2814
2813
2812
2810
2808
2807
2806
2804
2801
2800
2799
2798
2797
2796
2795
2794
2792
2791
2789
2788
2787
2786
2785
2784
2783
2782
2781
2780
2779
2778
2777
2776
2775
3001
3000
2999
2995
2994
2990
2989
2988
2987
2986
2985
2983
2982
2981
2980
2979
2978
2977
2976
2975
2974
2973
2972
2971
2970
2968
2967
2957
2956
2955
2954
2953
2952
2951
2950
2949
2948
2947
2946
2945
2944
2943
2942
2941
2940
2939
2938
2937
2936
2935
2934
2933
2932
2931
2929
2926
2925
2924
2923
2922
2921
2920
2919
2918
2917
2916
2915
2914
2913
2912
2911
2910
2909
2908
2907
2906
2905
2904
2903
2902
2901
2900
2899
2898
2897
2896
2895
2894
2893
2892
2891
2890
2889
2888
2887
2886
2885
2884
2883
3126
3125
3123
3122
3121
3120
3119
3118
3117
3116
3114
3108
3107
3106
3105
3104
3103
3100
3098
3096
3095
3093
3092
3090
3089
3087
3085
3084
3083
3082
3081
3080
3079
3078
3077
3076
3075
3074
3073
3072
3071
3070
3069
3068
3067
3066
3065
3064
3063
3062
3061
3060
3059
3058
3057
3056
3055
3054
3053
3052
3050
3049
3048
3047
3046
3044
3043
3042
3040
3039
3038
3037
3035
3034
3033
3032
3031
3030
3028
3027
3026
3025
3024
3023
3022
3021
3020
3018
3017
3016
3015
3014
3011
3010
3009
3008
3007
3006
3003
3238
3237
3236
3235
3234
3232
3231
3230
3229
3228
3227
3127
3226
3224
3223
3221
3220
3219
3218
3217
3216
3214
3213
3212
3211
3210
3209
3208
3207
3206
3205
3204
3203
3202
3201
3200
3199
3198
3197
3196
3195
3194
3193
3192
3191
3190
3189
3188
3187
3185
3184
3183
3182
3181
3180
3179
3178
3177
3176
3175
3174
3173
3172
3171
3170
3169
3168
3166
3164
3163
3162
3160
3159
3158
3157
3156
3155
3154
3153
3152
3151
3150
3149
3148
3147
3146
3145
3144
3143
3142
3140
3138
3137
3136
3135
3133
3132
3130
3129
3128
3345
3344
3343
3342
3341
3340
3339
3338
3337
3336
3335
3334
3333
3331
3329
3328
3327
3326
3325
3324
3323
3322
3321
3320
3319
3318
3317
3316
3315
3314
3313
3312
3311
3310
3309
3308
3307
3306
3305
3304
3303
3302
3301
3300
3299
3298
3297
3296
3295
3293
3292
3291
3290
3288
3287
3286
3285
3284
3283
3282
3281
3280
3279
3278
3277
3276
3275
3274
3273
3271
3270
3269
3268
3267
3266
3265
3264
3263
3262
3261
3260
3259
3258
3257
3256
3255
3254
3253
3252
3251
3250
3249
3248
3247
3246
3245
3243
3242
3241
3459
3457
3456
3455
3454
3453
3452
3449
3448
3447
3445
3443
3441
3440
3439
3438
3437
3436
3435
3434
3433
3432
3431
3430
3429
3428
3427
3426
3425
3424
3423
3422
3421
3420
3419
3418
3417
3416
3415
3414
3413
3412
3411
3410
3409
3407
3406
3405
3404
3403
3402
3400
3399
3398
3396
3395
3394
3393
3392
3391
3390
3389
3388
3387
3385
3384
3383
3382
3380
3378
3376
3375
3374
3373
3372
3371
3370
3369
3366
3365
3364
3363
3362
3361
3360
3359
3358
3357
3356
3355
3354
3353
3351
3350
3349
3348
3347
3346
3583
3582
3578
3577
3576
3575
3574
3573
3572
3571
3570
3569
3568
3564
3240
3491
3490
3489
3488
3487
3486
3485
3484
3483
3482
3479
3478
3477
3476
3475
3474
3473
3471
3470
3469
3468
3467
3466
3465
3464
3463
3462
3461
3460
3612
3611
3610
3609
3608
3607
3606
3605
3603
3602
3601
3600
3599
3598
3597
3596
3595
3594
3593
3592
3591
3590
3589
3588
3587
3586
3585
3584
3563
3560
3559
3558
3557
3556
3554
3553
3551
3550
3549
3548
3547
3546
3545
3544
3543
3541
3540
3539
3538
3537
3536
3535
3534
3533
3532
3531
3530
3523
3522
3520
3518
3517
3516
3515
3514
3513
3512
3511
3510
3509
3493
3613
3508
3507
3506
3505
3504
3503
3502
3501
3500
3499
3498
3497
3496
3495
3723
3722
3721
3720
3718
3717
3716
3715
3714
3713
3712
3711
3710
3709
3708
3707
3705
3704
3703
3702
3700
3699
3698
3697
3696
3695
3694
3693
3692
3691
3690
3689
3688
3687
3686
3685
3683
3682
3681
3680
3679
3678
3676
3675
3674
3673
3672
3671
3670
3669
3668
3667
3666
3665
3664
3663
3662
3661
3660
3659
3658
3657
3656
3655
3654
3653
3652
3651
3650
3649
3648
3647
3646
3645
3644
3642
3641
3640
3639
3638
3637
3636
3635
3634
3633
3632
3631
3629
3627
3626
3625
3624
3623
3622
3620
3618
3617
3616
3615
3848
3847
3846
3845
3844
3843
3839
3838
3837
3829
3828
3827
3826
3822
3821
3820
3819
3818
3817
3816
3815
3814
3813
3812
3811
3810
3809
3808
3807
3806
3805
3804
3803
3802
3801
3800
3799
3798
3797
3796
3795
3794
3791
3790
3789
3788
3787
3786
3785
3784
3782
3781
3779
3778
3777
3776
3775
3774
3773
3772
3771
3770
3769
3768
3767
3766
3765
3764
3763
3762
3761
3760
3759
3758
3757
3756
3755
3754
3753
3752
3751
3750
3749
3747
3746
3745
3744
3743
3742
3741
3740
3739
3738
3737
3728
3727
3726
3725
3724
3962
3961
3960
3959
3958
3956
3954
3953
3952
3951
3949
3948
3947
3946
3945
3944
3943
3942
3941
3940
3939
3938
3937
3935
3933
3932
3931
3930
3929
3928
3927
3926
3924
3922
3921
3920
3919
3918
3917
3916
3915
3914
3913
3910
3909
3907
3905
3904
3903
3902
3901
3900
3899
3898
3850
3849
3963
3897
3896
3895
3894
3893
3892
3891
3889
3888
3887
3885
3884
3883
3882
3881
3879
3878
3877
3876
3875
3874
3873
3872
3871
3870
3869
3868
3867
3866
3865
3864
3863
3862
3861
3860
3859
3858
3857
3856
3855
3854
3853
3852
3851
4073
4072
4071
4070
4069
4068
4067
4066
4065
4064
4063
4062
4061
4060
4059
4058
4057
4055
4054
4053
4052
4051
4050
4049
4048
4047
4046
4045
4044
4043
4042
4041
4040
4039
4038
4037
4036
4035
4034
4033
4032
4031
4030
4027
4025
4024
4023
4022
4021
4020
4019
4018
4017
4016
4015
4014
4013
4012
4011
4009
4008
4007
4006
4005
4004
4003
4002
4001
4000
3999
3998
3997
3995
3994
3993
3992
3991
3990
3989
3987
3986
3985
3984
3983
3982
3981
3980
3978
3976
3975
3973
3972
3970
3969
3968
3967
3966
3965
3964
4191
4190
4189
4188
4076
4075
4074
4192
4187
4186
4184
4183
4182
4181
4180
4179
4178
4177
4175
4174
4172
4170
4169
4168
4166
4165
4163
4161
4160
4159
4158
4157
4156
4155
4154
4153
4152
4151
4150
4149
4148
4147
4146
4145
4144
4143
4142
4141
4140
4139
4136
4135
4134
4133
4132
4131
4130
4129
4128
4126
4123
4122
4120
4119
4118
4117
4116
4115
4114
4113
4112
4111
4110
4109
4108
4107
4106
4105
4104
4103
4102
4101
4100
4099
4098
4097
4096
4095
4094
4093
4092
4088
4087
4086
4085
4084
4077
4193
4083
4081
4080
4079
4078
4299
4298
4297
4296
4295
4294
4293
4292
4291
4289
4288
4287
4285
4284
4283
4282
4281
4280
4279
4278
4277
4276
4275
4274
4273
4272
4271
4270
4269
4268
4267
4266
4265
4264
4263
4262
4261
4260
4259
4258
4257
4256
4255
4254
4253
4251
4250
4249
4247
4246
4245
4244
4243
4242
4241
4240
4239
4238
4237
4236
4234
4233
4232
4231
4230
4229
4228
4227
4226
4224
4223
4221
4220
4219
4218
4217
4216
4215
4214
4213
4212
4211
4210
4209
4208
4207
4206
4205
4204
4203
4202
4201
4200
4199
4198
4197
4196
4195
4194
4407
4406
4405
4404
4400
4399
4398
4397
4396
4395
4394
4393
4392
4391
4390
4387
4386
4385
4384
4383
4382
4381
4380
4379
4378
4377
4375
4374
4373
4372
4371
4370
4369
4368
4367
4366
4365
4364
4363
4362
4361
4360
4359
4358
4357
4356
4355
4354
4352
4351
4350
4348
4347
4346
4345
4344
4343
4342
4341
4340
4339
4338
4337
4336
4335
4334
4333
4332
4331
4330
4329
4328
4327
4326
4325
4324
4323
4322
4321
4320
4319
4318
4317
4316
4315
4314
4313
4312
4311
4309
4308
4307
4306
4305
4304
4303
4302
4301
4300
4514
4513
4512
4511
4510
4509
4508
4507
4506
4505
4504
4503
4501
4500
4499
4498
4497
4496
4495
4494
4493
4492
4491
4490
4489
4488
4487
4486
4485
4484
4483
4482
4481
4479
4477
4476
4475
4474
4473
4472
4471
4470
4469
4468
4467
4466
4465
4464
4462
4461
4460
4459
4458
4457
4456
4455
4454
4453
4452
4451
4450
4449
4448
4447
4446
4445
4444
4443
4442
4441
4440
4439
4438
4437
4436
4435
4434
4433
4432
4430
4429
4428
4427
4426
4425
4424
4423
4422
4421
4420
4419
4418
4416
4415
4413
4412
4410
4409
4408
4621
4620
4619
4618
4617
4616
4615
4614
4613
4612
4611
4610
4609
4608
4607
4606
4605
4604
4603
4602
4601
4600
4599
4597
4596
4595
4594
4593
4592
4591
4590
4589
4588
4586
4585
4584
4583
4582
4581
4580
4579
4578
4577
4576
4575
4574
4573
4572
4570
4569
4568
4567
4566
4565
4564
4563
4562
4561
4560
4559
4558
4557
4556
4555
4554
4553
4552
4551
4550
4549
4548
4546
4545
4544
4543
4542
4541
4540
4539
4538
4537
4536
4535
4534
4533
4531
4530
4529
4528
4524
4523
4522
4521
4520
4519
4518
4517
4516
4515
5129
5118
5094
5079
5076
5039
4990
4847
4831
4805
4726
4722
4721
4720
4719
4717
4716
4715
4714
4713
4712
4711
4710
4709
4708
4707
4706
4704
4703
4702
4701
4700
4699
4698
4697
4696
4695
4692
4691
4690
4689
4688
4687
4686
4685
4684
4682
4680
4679
4678
4677
4676
4675
4674
4673
4672
4671
4670
4668
4667
4666
4665
4664
4663
4662
4661
4660
4659
4657
4656
4655
4654
4652
4650
4648
4647
4646
4645
4644
4642
4641
4640
4639
4638
4637
4636
4634
4633
4632
4631
4630
4629
4628
4627
4626
4625
4624
4623
4622
5448
5447
5446
5445
5444
5443
5442
5441
5440
5439
5438
5437
5436
5435
5434
5433
5432
5431
5430
5429
5428
5427
5426
5425
5424
5423
5422
5421
5420
5419
5418
5417
5416
5415
5414
5413
5412
5411
5410
5409
5408
5407
5406
5405
5404
5403
5402
5398
5397
5396
5395
5394
5393
5392
5391
5390
5389
5388
5387
5386
5385
5384
5381
5380
5378
5377
5376
5375
5372
5369
5368
5366
5365
5360
5356
5355
5350
5347
5333
5320
5303
5288
5275
5273
5230
5227
5215
5212
5205
5199
5188
5187
5186
5178
5175
5174
5160
5149
5139
5556
5555
5554
5553
5552
5551
5550
5549
5548
5547
5546
5545
5544
5543
5542
5541
5540
5539
5538
5537
5536
5535
5534
5533
5529
5528
5527
5526
5525
5524
5522
5521
5520
5519
5518
5517
5516
5515
5514
5513
5512
5511
5510
5509
5508
5507
5506
5504
5503
5502
5501
5500
5499
5498
5497
5496
5495
5494
5493
5492
5490
5489
5488
5487
5486
5485
5483
5482
5481
5479
5478
5477
5476
5475
5474
5473
5472
5471
5470
5469
5468
5467
5466
5465
5464
5463
5462
5461
5460
5458
5457
5456
5455
5454
5453
5452
5451
5450
5449
5673
5672
5670
5669
5667
5666
5664
5663
5662
5661
5660
5659
5658
5657
5655
5654
5653
5652
5651
5650
5649
5648
5647
5646
5645
5644
5643
5642
5641
5640
5637
5636
5635
5634
5633
5632
5631
5630
5629
5628
5627
5626
5625
5624
5623
5622
5621
5620
5619
5617
5616
5615
5614
5613
5612
5610
5609
5608
5607
5605
5604
5603
5602
5601
5600
5599
5598
5597
5596
5595
5594
5593
5592
5591
5590
5589
5586
5584
5582
5581
5580
5579
5578
5577
5576
5575
5574
5573
5572
5571
5569
5568
5566
5565
5564
5563
5561
5560
5559
5784
5783
5782
5781
5780
5779
5777
5775
5774
5773
5772
5771
5770
5769
5558
5557
5674
5768
5767
5766
5765
5764
5763
5762
5761
5760
5759
5758
5757
5755
5754
5753
5752
5751
5749
5748
5747
5746
5745
5744
5743
5742
5741
5740
5739
5738
5737
5736
5735
5734
5733
5732
5731
5729
5728
5727
5726
5725
5724
5723
5722
5721
5720
5719
5718
5717
5716
5715
5714
5713
5712
5711
5710
5709
5708
5705
5704
5702
5701
5700
5699
5698
5696
5695
5694
5693
5691
5690
5689
5688
5687
5686
5685
5684
5683
5682
5681
5680
5679
5677
5676
5675
5895
5894
5893
5892
5891
5890
5888
5887
5886
5885
5884
5883
5882
5881
5880
5879
5878
5877
5875
5873
5871
5870
5869
5867
5866
5865
5864
5863
5862
5861
5859
5858
5857
5856
5855
5854
5853
5852
5851
5850
5849
5848
5847
5846
5845
5844
5843
5841
5840
5839
5838
5836
5835
5834
5833
5832
5830
5829
5828
5827
5826
5825
5824
5823
5822
5821
5820
5819
5818
5817
5816
5815
5814
5813
5812
5810
5809
5808
5807
5806
5805
5804
5802
5801
5800
5799
5798
5797
5796
5795
5794
5793
5792
5791
5790
5789
5788
5787
5786
6008
6007
6006
6005
6004
6003
6002
6001
6000
5999
5998
5997
5996
5995
5994
5993
5992
5991
5990
5989
5988
5986
5985
5984
5983
5982
5981
5980
5979
5978
5977
5976
5975
5974
5973
5971
5970
5969
5968
5967
5966
5965
5964
5963
5962
5961
5960
5959
5957
5956
5955
5951
5950
5947
5946
5945
5944
5942
5941
5940
5939
5937
5935
5933
5932
5931
5930
5929
5928
5927
5926
5925
5924
5923
5922
5921
5920
5918
5917
5916
5915
5914
5913
5912
5911
5910
5909
5908
5907
5906
5905
5904
5903
5902
5901
5900
5899
5898
5896
6119
6118
6117
6116
6115
6114
6113
6112
6111
6109
6108
6107
6106
6105
5785
6009
6120
6104
6103
6101
6100
6099
6098
6097
6096
6095
6094
6092
6091
6090
6088
6087
6086
6085
6084
6083
6010
6011
6012
6013
6014
6017
6018
6019
6020
6021
6023
6024
6025
6026
6027
6028
6029
6030
6031
6032
6033
6034
6035
6036
6037
6038
6039
6040
6042
6045
6046
6047
6048
6049
6050
6052
6053
6054
6055
6056
6057
6058
6059
6060
6061
6062
6063
6065
6066
6067
6068
6069
6070
6071
6072
6073
6074
6075
6076
6077
6078
6079
6080
6081
6082
6122
6123
6124
6125
6126
6127
6128
6132
6135
6137
6138
6139
6140
6141
6142
6143
6144
6145
6146
6148
6149
6150
6151
6152
6153
6154
6156
6157
6158
6159
6160
6161
6162
6163
6164
6165
6166
6167
6169
6170
6171
6172
6173
6174
6175
6176
6177
6178
6179
6181
6182
6183
6184
6185
6186
6187
6188
6189
6190
6191
6192
6194
6195
6196
6197
6198
6199
6200
6201
6202
6203
6204
6205
6206
6207
6208
6209
6210
6212
6213
6214
6215
6216
6217
6218
6219
6220
6221
6222
6223
6224
6225
6226
6227
6228
6229
6231
6233
6234
6235
6237
6238
6239
6240
6241
6242
6243
6244
6245
6246
6247
6248
6249
6250
6255
6258
6259
6260
6261
6262
6263
6265
6266
6267
6268
6269
6270
6271
6272
6273
6274
6275
6276
6277
6278
6279
6280
6281
6282
6283
6285
6286
6287
6288
6289
6290
6291
6292
6293
6296
6297
6298
6299
6300
6301
6302
6303
6304
6305
6306
6307
6309
6310
6311
6312
6313
6314
6315
6316
6317
6319
6320
6321
6325
6326
6327
6328
6329
6330
6331
6332
6333
6335
6336
6337
6338
6339
6340
6341
6342
6343
6345
6346
6347
6348
6349
6350
6351
6352
6353
6355
6356
6358
6359
6360
6361
6362
6363
6364
6365
6366
6367
6368
6369
6370
6371
6372
6374
6375
6376
6377
6378
6379
6380
6381
6383
6384
6385
6386
6387
6388
6389
6390
6391
6392
6393
6394
6395
6398
6399
6400
6401
6402
6403
6404
6405
6406
6407
6408
6409
6410
6411
6413
6414
6415
6416
6417
6418
6419
6420
6421
6423
6424
6425
6426
6429
6430
6431
6432
6433
6434
6435
6436
6437
6438
6439
6440
6441
6442
6443
6444
6445
6446
6447
6448
6449
6450
6453
6454
6457
6458
6459
6460
6461
6462
6463
6464
6465
6466
6467
6469
6470
6471
6472
6473
6474
6475
6476
6477
6478
6479
6480
6481
6482
6483
6484
6485
6486
6487
6488
6489
6490
6491
6493
6494
6495
6496
6497
6498
6499
6500
6501
6502
6503
6504
6505
6506
6507
6508
6509
6510
6511
6512
6514
6515
6516
6517
6518
6519
6521
6522
6523
6524
6525
6526
6527
6528
6529
6530
6531
6532
6533
6534
6535
6536
6537
6538
6539
6540
6541
6542
6543
6544
6545
6546
6547
6548
6549
6550
6551
6552
6553
6554
6555
6556
6557
6558
6559
6560
6561
6562
6563
6564
6566
6567
6568
6569
6570
6571
6572
6574
6575
6576
6577
6578
6579
6580
6581
6582
6583
6584
6585
6586
6588
6590
6591
6592
6593
6594
6595
6596
6597
6598
6599
6600
6602
6603
6604
6605
6606
6607
6608
6609
6610
6611
6612
6613
6615
6616
6617
6618
6619
6620
6621
6622
6623
6624
6625
6626
6631
6632
6638
6640
6642
6643
6644
6645
6646
6647
6648
6649
6650
6651
6652
6653
6654
6655
6656
6657
6658
6659
6660
6661
6662
6663
6664
6665
6666
6667
6668
6669
6670
6671
6673
6674
6675
6676
6677
6678
6679
6680
6681
6682
6683
6684
6686
6687
6688
6689
6690
6696
6697
6698
6700
6701
6702
6703
6704
6705
6706
6707
6708
6709
6710
6711
6712
6713
6715
6716
6717
6718
6719
6720
6721
6722
6723
6725
6726
6727
6729
6730
6731
6732
6733
6734
6735
6736
6737
6738
6739
6740
6741
6742
6743
6744
6745
6746
6747
6748
6749
6750
6751
6752
6753
6754
6755
6756
6757
6758
6759
6760
6761
6762
6768
6772
6773
6774
6775
6776
6777
6778
6779
6780
6781
6782
6783
6784
6785
6786
6787
6788
6789
6790
6791
6792
6793
6794
6795
6796
6797
6798
6799
6800
6801
6803
6804
6805
6806
6807
6808
6810
6811
6812
6813
6814
6815
6816
6817
6818
6819
6820
6822
6823
6824
6826
6827
6828
6829
6830
6832
6833
6834
6835
6836
6837
6838
6839
6840
6841
6842
6843
6845
6846
6847
6848
6849
6850
6851
6852
6853
6854
6855
6856
6857
6858
6859
6860
6861
6862
6863
6864
6865
6866
6867
6868
6869
6870
6871
6872
6873
6874
6875
6876
6877
6878
6879
6881
6882
6883
6884
6885
6886
6887
6888
6889
6890
6891
6892
6893
6894
6895
6896
6897
6898
6899
6900
6901
6902
6903
6904
6905
6906
6907
6908
6909
6910
6911
6912
6913
6914
6919
6920
6921
6922
6923
6924
6925
6926
6927
6928
6929
6930
6932
6933
6934
6935
6936
6937
6938
6939
6940
6941
6942
6943
6944
6945
6946
6947
6948
6949
6950
6951
6354
6468
6573
6691
6693
6694
6695
6809
6915
6916
6918
6952
6953
6954
6955
6956
6957
6958
6959
6960
6961
6962
6963
6964
6965
6966
6967
6968
6969
6970
6971
6972
6974
6976
6977
6978
6979
6980
6981
6982
6983
6984
6985
6986
6987
6988
6989
6990
6991
6992
6993
6994
6995
6996
6997
6998
6999
7000
7001
7002
7003
7004
7005
7006
7007
7008
7009
7010
7011
7012
7013
7014
7015
7016
7017
7018
7019
7021
7022
7024
7025
7026
7027
7028
7029
7030
7031
7032
7033
7034
7035
7036
7037
7038
7039
7040
7041
7042
7043
7044
7045
7046
7047
7048
7049
7050
7051
7052
7053
7054
7055
7073
7074
7075
7076
7077
7078
7079
7080
7081
7082
7083
7084
7086
7087
7088
7089
7090
7091
7092
7093
7095
7099
7100
7102
7103
7105
7106
7107
7108
7109
7111
7112
7113
7114
7115
7116
7118
7119
7120
7121
7122
7124
7125
7126
7127
7128
7129
7130
7131
7132
7133
7134
7135
7137
7138
7139
7140
7141
7142
7143
7144
7145
7146
7147
7148
7149
7150
7151
7153
7154
7155
7156
7157
7158
7159
7160
7161
7162
7163
7164
7165
7166
7167
7168
7169
7170
7171
7172
7173
7174
7175
7176
7177
7178
7179
7180
7181
7182
7183
7184
7185
7186
7187
7188
7189
7190
7191
7192
7193
7194
7195
7196
7200
7201
7203
7204
7205
7207
7208
7209
7210
7211
7212
7213
7214
7215
7216
7217
7218
7219
7220
7221
7222
7223
7224
7225
7226
7227
7228
7229
7230
7231
7232
7233
7234
7235
7236
7237
7239
7240
7241
7242
7243
7244
7245
7246
7247
7248
7249
7250
7251
7252
7253
7254
7255
7256
7257
7258
7261
7262
7263
7264
7265
7266
7267
7268
7269
7270
7271
7272
7273
7274
7275
7276
7277
7278
7279
7280
7281
7282
7283
7284
7285
7286
7287
7288
7289
7290
7291
7292
7293
7296
7297
7298
7299
7300
7301
7302
7303
7304
7305
7306
7307
7308
7309
7310
7311
7312
7313
7314
7315
7316
7317
7318
7320
7321
7322
7323
7325
7326
7328
7329
7330
7331
7333
7337
7338
7339
7340
7341
7342
7343
7344
7345
7346
7347
7348
7349
7350
7351
7353
7354
7355
7356
7357
7358
7359
7360
7361
7362
7363
7364
7365
7366
7369
7370
7371
7372
7373
7374
7376
7377
7378
7379
7380
7381
7382
7384
7386
7387
7388
7389
7390
7392
7393
7394
7395
7396
7397
7398
7399
7400
7401
7403
7404
7405
7406
7407
7409
7410
7411
7412
7413
7414
7417
7418
7419
7421
7423
7425
7426
7427
7428
7429
7430
7431
7432
7433
7434
7435
7436
7437
7438
7439
7440
7441
7443
7444
7445
7446
7447
7448
7449
7450
7451
7452
7453
7454
7455
7457
7458
7459
7460
7461
7462
7463
7464
7465
7466
7467
7468
7469
7470
7472
7473
7474
7475
7476
7477
7478
7480
7481
7482
7484
7485
7486
7487
7488
7489
7490
7491
7492
7493
7494
7495
7496
7497
7498
7499
7501
7502
7503
7504
7506
7507
7508
7509
7510
7511
7512
7513
7514
7515
7516
7517
7518
7519
7520
7521
7524
7525
7527
7528
7529
7530
7531
7534
7535
7536
7537
7538
7539
7540
7541
7542
7543
7544
7545
7546
7547
7548
7549
7550
7551
7552
7553
7554
7555
7556
7557
7558
7559
7560
7561
7562
7563
7564
7565
7566
7567
7568
7569
7570
7571
7572
7573
7575
7576
7577
7579
7581
7582
7583
7584
7585
7586
7587
7588
7590
7591
7592
7593
7594
7595
7596
7597
7598
7599
7601
7602
7603
7604
7605
7606
7607
7608
7609
7611
7612
7613
7614
7615
7616
7617
7620
7621
7622
7623
7625
7626
7627
7628
7629
7630
7631
7632
7633
7635
7636
7637
7638
7639
7640
7641
7643
7644
7646
7648
7649
7650
7651
7652
7653
7654
7655
7657
7658
7659
7660
7661
7664
7666
7667
7668
7669
7670
7671
7673
7674
7675
7676
7677
7678
7679
7680
7681
7682
7683
7684
7686
7687
7688
7689
7690
7691
7692
7693
7694
7695
7696
7697
7698
7699
7700
7701
7702
7703
7706
7707
7708
7710
7711
7712
7713
7714
7715
7716
7717
7718
7719
7724
7725
7726
7727
7729
7730
7731
7732
7733
7734
7735
7736
7737
7738
7739
7741
7742
7743
7744
7745
7746
7747
7748
7749
7750
7751
7752
7753
7754
7755
7756
7757
7759
7760
7761
7762
7763
7764
7766
7767
7768
7769
7770
7771
7772
7774
7775
7776
7777
7778
7779
7780
7781
7782
7783
7784
7785
7787
7788
7789
7790
7791
7792
7793
7794
7795
7797
7798
7799
7800
7801
7802
7803
7804
7805
7807
7808
7810
7811
7812
7813
7814
7815
7816
7817
7818
7819
7820
7821
7822
7823
7824
7825
7826
7828
7829
7831
7833
1008
6236
7023
7152
7259
7260
7600
2610
2675
7199
7367
7408
7574
7578
7647
7722
7728
7773
7809
7834
7835
7836
7837
7838
7839
7840
7841
7842
7843
7844
7845
7846
7847
7848
7849
7850
7851
7852
7853
7854
7856
7857
7858
7859
7860
7862
7863
7864
7865
7866
7867
7868
7869
7870
7871
7872
7873
7874
7875
7876
7877
7878
7881
7882
7883
7884
7885
7886
7887
7888
7889
7890
7891
7892
7893
7894
7895
7898
7899
7900
7901
7903
7904
7905
7906
7907
7909
7910
7911
7912
7913
7914
7916
7917
7918
7919
7920
7921
7922
7923
7924
7925
7926
7927
7928
7930
7931
7932
7933
7934
7935
7936
7937
7938
7939
7940
7941
7942
7943
7944
7945
7946
7947
7948
7949
7950
7951
7952
7953
7954
7955
7956
7957
7958
7959
7960
7961
7962
7963
7964
7965
7966
7968
7969
7970
7971
7972
7973
7974
7975
7976
7977
7978
7979
7980
7981
7982
7983
7984
7985
7986
7987
7988
7989
7990
7991
7993
7995
7996
7997
7998
7999
8000
8001
8002
8004
8005
8006
8007
8008
8009
8010
8012
8013
8014
8015
8016
8017
8018
8019
8020
8021
8022
8023
8024
8025
8026
8027
8028
8029
8030
8031
8032
8033
8034
8035
8036
8037
8038
8039
8040
8041
8042
8043
8044
8045
8046
8047
8048
8049
8050
8051
8052
8053
8055
8056
8057
8058
8059
8060
8062
8063
8064
8065
8067
8068
8069
8070
8071
8073
8074
8075
8076
8077
8078
8079
8081
8082
8083
8084
8085
8086
8088
8089
8090
8091
8092
8094
8095
8096
8097
8098
8099
8100
8101
8102
8103
8104
8105
8106
8107
8108
8109
8110
8111
8112
8113
8114
8115
8116
8117
8118
8119
8120
8121
8122
8123
8125
8126
8127
8128
8129
8132
8133
8134
8136
8139
8140
8141
8142
8144
8148
8149
8150
8151
8152
8153
8154
8155
8156
8157
8158
8159
8160
8161
8162
8163
8164
8166
8167
8170
8171
8172
8173
8174
8175
8176
8177
8178
8179
8003
8093
8131
8137
8168
8169
8180
8183
8184
8185
8186
8187
8188
8189
8190
8191
8192
8193
8194
8195
8196
8197
8198
8200
8201
8202
8203
8204
8205
8206
8207
8208
8209
8210
8211
8212
8213
8215
8216
8217
8218
8220
8221
8222
8223
8224
8225
8226
8228
8229
8230
8231
8232
8233
8234
8235
8236
8237
8238
8239
8240
8241
8242
8243
8244
8245
8246
8247
8248
8249
8250
8251
8253
8254
8255
8256
8257
8258
8259
8260
8261
8262
8263
8264
8265
8266
8269
8270
8271
8272
8273
8274
8275
8276
8277
8278
8279
8280
8292
8293
8295
8297
8298
8299
8300
8302
8303
8304
8305
8307
8309
8310
8311
8312
8313
8314
8315
8319
8320
8322
8323
8324
8325
8326
8327
8328
8329
8330
8331
8332
8333
8335
8336
8337
8338
8340
8341
8342
8343
8344
8345
8346
8347
8348
8349
8350
8351
8354
8356
8357
8358
8360
8361
8362
8363
8364
8368
8369
8370
8371
8373
8374
8375
8376
8377
8378
8379
8380
8381
8382
8383
8384
8385
8386
8387
8388
8389
8390
8391
8393
8394
8395
8396
8397
8398
8399
8400
8401
8403
8404
8405
8406
8407
8410
8411
8415
8416
8417
8418
8419
8420
8421
8422
8423
8424
8425
8426
8427
8428
8429
8430
8431
8432
8433
8434
8435
8436
8437
8438
8439
8440
8442
8443
8444
8445
8446
8447
8449
8450
8451
8453
8454
8455
8456
8457
8459
8461
8464
8465
8466
8467
8296
8316
8318
8321
8355
8366
8392
8402
8408
8409
8413
8414
8441
8452
8458
8460
8462
8468
8470
8471
8472
8473
8474
8475
8476
8477
8478
8479
8480
8481
8482
8483
8484
8485
8486
8487
8488
8489
8490
8491
8492
8493
8494
8495
8496
8497
8498
8499
8500
8501
8502
8503
8504
8505
8506
8507
8508
8510
8511
8512
8514
8515
8516
8517
8518
8519
8520
8521
8522
8523
8524
8525
8526
8527
8528
8529
8530
8531
8532
8533
8534
8535
8536
8537
8538
8539
8540
8541
8542
8544
8545
8546
8547
9287
9288
9289
9290
9291
9292
9293
9294
9295
9296
9297
9298
9299
9300
9301
9302
9303
9304
9305
9306
9307
9308
9309
9310
9311
9312
9313
9314
9315
9316
9317
9318
9319
9320
9321
9322
9323
9324
9325
9326
9327
9328
9329
9330
9331
9332
9333
9334
9335
